%% logfile from robot Emma (1)
% Emma (1)
%  1    time 0.001 sec
%  2  3  4  5   (mission 0), state 2, entered (thread 1, line 0), events 0x0 (bit-flags)
%  6  7 Motor velocity ref left, right: 0.4000 0.4000
%  8  9 Motor voltage [V] left, right: 1.60 1.60
% 10 11 Motor current left, right [A]: 0.047 0.038
% 12 13 Wheel velocity [m/s] left, right: 0.0000 0.0000
% 14 15 16 17 Pose x,y,h,tilt [m,m,rad,rad]: 0 0 0 -0.528594
% 18    Battery voltage [V]: 10.98
0.001 2 1 0 0 0.4000 0.4000 1.60 1.60 0.013 0.022 0.0000 0.0000 0.0000 0.0000 0.000000 -0.528594 10.98 
0.006 2 1 0 0 0.4000 0.4000 1.60 1.60 0.363 0.370 0.0000 0.0000 0.0000 0.0000 0.000000 -0.528588 10.96 
0.011 2 1 0 0 0.4026 0.3974 1.61 1.59 0.437 0.417 0.0000 0.0000 0.0002 0.0000 0.002591 -0.528837 10.97 
0.016 2 1 0 0 0.4026 0.3974 1.61 1.59 0.476 0.405 0.0000 0.0798 0.0006 0.0000 0.002591 -0.529939 10.97 
0.021 2 1 0 0 0.4078 0.3922 1.63 1.57 0.460 0.381 0.0000 0.1144 0.0010 0.0000 0.007773 -0.530886 10.97 
0.026 2 1 0 0 0.4078 0.3922 1.63 1.57 0.425 0.399 0.0000 0.0712 0.0010 0.0000 0.007773 -0.531256 10.97 
0.031 2 1 0 0 0.4104 0.3896 1.64 1.56 0.409 0.446 0.0000 0.0697 0.0012 0.0000 0.010364 -0.532199 10.97 
0.036 2 1 0 0 0.4078 0.3922 1.63 1.57 0.412 0.432 0.0241 0.0406 0.0014 0.0000 0.007773 -0.533796 10.97 
0.041 2 1 0 0 0.4104 0.3896 1.64 1.56 0.434 0.410 0.0241 0.0290 0.0016 0.0000 0.010364 -0.534281 10.98 
0.046 2 1 0 0 0.4104 0.3896 1.64 1.56 0.442 0.415 0.0241 0.0290 0.0016 0.0000 0.010364 -0.533777 10.97 
0.051 2 1 0 0 0.4130 0.3870 1.65 1.55 0.433 0.424 0.0205 0.0554 0.0018 0.0000 0.012956 -0.533438 10.97 
0.056 2 1 0 0 0.4130 0.3870 1.65 1.55 0.424 0.419 0.0188 0.0541 0.0022 0.0000 0.012956 -0.533563 10.97 
0.061 2 1 0 0 0.4155 0.3845 1.66 1.54 0.426 0.431 0.0188 0.0866 0.0024 0.0000 0.015547 -0.533969 10.97 
0.066 2 1 0 0 0.4155 0.3845 1.66 1.54 0.415 0.387 0.0374 0.0751 0.0028 0.0000 0.015547 -0.534425 10.97 
0.071 2 1 0 0 0.4181 0.3819 1.67 1.53 0.412 0.368 0.0374 0.0841 0.0030 0.0000 0.018138 -0.534906 10.97 
0.076 2 1 0 0 0.4181 0.3819 1.67 1.53 0.419 0.347 0.0498 0.0925 0.0034 0.0000 0.018138 -0.535455 10.97 
0.081 2 1 0 0 0.4207 0.3793 1.68 1.52 0.440 0.330 0.0500 0.1123 0.0040 0.0000 0.020729 -0.535981 10.97 
0.086 2 1 0 0 0.4233 0.3767 1.69 1.51 0.451 0.355 0.0500 0.1093 0.0042 0.0001 0.023320 -0.536381 10.97 
0.091 2 1 0 0 0.4233 0.3767 1.69 1.51 0.475 0.378 0.0532 0.0844 0.0046 0.0001 0.023320 -0.536925 10.96 
0.096 2 1 0 0 0.4233 0.3767 1.69 1.51 0.491 0.385 0.0673 0.1022 0.0050 0.0001 0.023320 -0.537624 10.97 
0.101 2 1 0 0 0.4259 0.3741 1.70 1.50 0.500 0.369 0.0552 0.1185 0.0056 0.0001 0.025911 -0.537802 10.96 
0.106 2 1 0 0 0.4285 0.3715 1.71 1.49 0.434 0.369 0.0552 0.0985 0.0058 0.0001 0.028502 -0.537410 10.97 
0.111 2 1 0 0 0.4311 0.3689 1.72 1.48 0.437 0.363 0.0578 0.1186 0.0064 0.0001 0.031093 -0.537037 10.97 
0.116 2 1 0 0 0.4311 0.3689 1.72 1.48 0.414 0.359 0.0677 0.1373 0.0068 0.0001 0.031093 -0.536793 10.97 
0.121 2 1 0 0 0.4337 0.3663 1.73 1.47 0.397 0.386 0.0843 0.1389 0.0074 0.0001 0.033685 -0.537195 10.97 
0.126 2 1 0 0 0.4337 0.3663 1.73 1.47 0.408 0.346 0.0849 0.1205 0.0078 0.0002 0.033685 -0.538170 10.97 
0.131 2 1 0 0 0.4363 0.3637 1.75 1.45 0.401 0.316 0.0943 0.1362 0.0084 0.0002 0.036276 -0.539187 10.97 
0.136 2 1 0 0 0.4389 0.3611 1.75 1.44 0.442 0.282 0.0886 0.1556 0.0090 0.0002 0.038867 -0.540054 10.96 
0.141 2 1 0 0 0.4389 0.3611 1.75 1.44 0.449 0.295 0.0840 0.1659 0.0098 0.0002 0.038867 -0.540491 10.96 
0.146 2 1 0 0 0.4440 0.3560 1.78 1.42 0.433 0.319 0.0786 0.1337 0.0102 0.0002 0.044049 -0.540767 10.96 
0.151 2 1 0 0 0.4440 0.3560 1.78 1.42 0.433 0.299 0.0772 0.1416 0.0110 0.0003 0.044049 -0.540659 10.96 
0.156 2 1 0 0 0.4466 0.3534 1.79 1.41 0.429 0.271 0.0872 0.1503 0.0116 0.0003 0.046640 -0.540379 10.96 
0.161 2 1 0 0 0.4518 0.3482 1.81 1.39 0.426 0.283 0.0747 0.1655 0.0120 0.0003 0.051822 -0.540148 10.96 
0.166 2 1 0 0 0.4518 0.3482 1.81 1.39 0.421 0.275 0.0991 0.1654 0.0128 0.0004 0.051822 -0.540428 10.96 
0.171 2 1 0 0 0.4544 0.3456 1.82 1.38 0.430 0.266 0.1201 0.1478 0.0134 0.0004 0.054414 -0.541312 10.97 
0.176 2 1 0 0 0.4570 0.3430 1.83 1.37 0.482 0.266 0.1053 0.1997 0.0144 0.0005 0.057005 -0.542269 10.96 
0.181 2 1 0 0 0.4596 0.3404 1.84 1.36 0.452 0.290 0.0960 0.2106 0.0151 0.0005 0.059596 -0.542688 10.97 
0.186 2 1 0 0 0.4622 0.3378 1.85 1.35 0.416 0.278 0.0949 0.1863 0.0157 0.0005 0.062187 -0.542679 10.96 
0.191 2 1 0 0 0.4648 0.3352 1.86 1.34 0.401 0.253 0.1204 0.1770 0.0167 0.0006 0.064778 -0.542129 10.96 
0.196 2 1 0 0 0.4674 0.3326 1.87 1.33 0.403 0.263 0.1248 0.1844 0.0173 0.0006 0.067369 -0.541890 10.96 
0.201 2 1 0 0 0.4674 0.3326 1.87 1.33 0.446 0.246 0.1197 0.1825 0.0181 0.0007 0.067369 -0.542131 10.96 
0.206 2 1 0 0 0.4726 0.3274 1.89 1.31 0.442 0.240 0.1196 0.1989 0.0189 0.0007 0.072551 -0.542377 10.96 
0.211 2 1 0 0 0.4751 0.3249 1.90 1.30 0.439 0.230 0.1140 0.1917 0.0195 0.0008 0.075143 -0.542651 10.96 
0.216 2 1 0 0 0.4751 0.3249 1.90 1.30 0.432 0.246 0.1189 0.2052 0.0203 0.0008 0.075143 -0.542643 10.96 
0.221 2 1 0 0 0.4803 0.3197 1.92 1.28 0.424 0.220 0.1178 0.1803 0.0211 0.0009 0.080325 -0.542525 10.95 
0.226 2 1 0 0 0.4803 0.3197 1.92 1.28 0.434 0.189 0.1199 0.1984 0.0219 0.0010 0.080325 -0.542392 10.95 
0.231 2 1 0 0 0.4855 0.3145 1.94 1.26 0.503 0.211 0.1239 0.2317 0.0227 0.0010 0.085507 -0.542566 10.95 
0.236 2 1 0 0 0.4881 0.3119 1.95 1.25 0.452 0.208 0.1210 0.1938 0.0237 0.0011 0.088098 -0.542904 10.95 
0.241 2 1 0 0 0.4907 0.3093 1.96 1.24 0.392 0.199 0.1150 0.1946 0.0243 0.0012 0.090689 -0.542839 10.95 
0.246 2 1 0 0 0.4933 0.3067 1.97 1.23 0.391 0.221 0.1400 0.2080 0.0253 0.0013 0.093280 -0.542372 10.96 
0.251 2 1 0 0 0.4933 0.3067 1.97 1.23 0.377 0.220 0.1465 0.1996 0.0261 0.0013 0.093280 -0.542576 10.97 
0.256 2 1 0 0 0.4933 0.3067 1.97 1.23 0.450 0.175 0.1393 0.1992 0.0269 0.0014 0.093280 -0.543130 10.95 
0.261 2 1 0 0 0.4985 0.3015 1.99 1.21 0.437 0.199 0.1360 0.2185 0.0277 0.0015 0.098463 -0.543539 10.95 
0.266 2 1 0 0 0.5011 0.2989 2.00 1.20 0.424 0.163 0.1491 0.2414 0.0287 0.0016 0.101054 -0.543478 10.96 
0.271 2 1 0 0 0.5036 0.2964 2.01 1.19 0.418 0.146 0.1706 0.2199 0.0297 0.0017 0.103645 -0.543402 10.96 
0.276 2 1 0 0 0.5036 0.2964 2.01 1.19 0.494 0.207 0.1707 0.2317 0.0309 0.0018 0.103645 -0.544069 10.95 
0.281 2 1 0 0 0.5088 0.2912 2.04 1.16 0.445 0.213 0.1544 0.1996 0.0317 0.0019 0.108827 -0.545322 10.95 
0.286 2 1 0 0 0.5088 0.2912 2.04 1.16 0.436 0.170 0.1475 0.2218 0.0325 0.0020 0.108827 -0.546231 10.96 
0.291 2 1 0 0 0.5114 0.2886 2.04 1.15 0.428 0.179 0.1730 0.2488 0.0335 0.0021 0.111418 -0.545834 10.96 
0.296 2 1 0 0 0.5114 0.2886 2.04 1.15 0.458 0.155 0.1898 0.2064 0.0346 0.0022 0.111418 -0.545126 10.96 
0.301 2 1 0 0 0.5140 0.2860 2.06 1.14 0.434 0.169 0.1619 0.2395 0.0356 0.0024 0.114009 -0.545043 10.96 
0.306 2 1 0 0 0.5166 0.2834 2.07 1.13 0.434 0.160 0.1530 0.2391 0.0366 0.0025 0.116600 -0.544853 10.96 
0.311 2 1 0 0 0.5192 0.2808 2.08 1.12 0.430 0.127 0.2104 0.2441 0.0376 0.0026 0.119192 -0.544632 10.96 
0.316 2 1 0 0 0.5192 0.2808 2.08 1.12 0.470 0.155 0.2059 0.2320 0.0388 0.0027 0.119192 -0.544892 10.96 
0.321 2 1 0 0 0.5218 0.2782 2.09 1.11 0.423 0.183 0.1876 0.2524 0.0398 0.0029 0.121783 -0.545785 10.96 
0.326 2 1 0 0 0.5244 0.2756 2.10 1.10 0.421 0.138 0.1896 0.2272 0.0408 0.0030 0.124374 -0.546791 10.96 
0.331 2 1 0 0 0.5244 0.2756 2.10 1.10 0.440 0.159 0.2151 0.2813 0.0420 0.0031 0.124374 -0.547464 10.96 
0.336 2 1 0 0 0.5244 0.2756 2.10 1.10 0.425 0.136 0.2118 0.2354 0.0432 0.0033 0.124374 -0.547786 10.96 
0.341 2 1 0 0 0.5270 0.2730 2.11 1.09 0.405 0.118 0.2156 0.2475 0.0442 0.0034 0.126965 -0.548021 10.96 
0.346 2 1 0 0 0.5270 0.2730 2.11 1.09 0.471 0.153 0.2205 0.2552 0.0454 0.0036 0.126965 -0.548239 10.96 
0.351 2 1 0 0 0.5270 0.2730 2.11 1.09 0.369 0.154 0.2274 0.2488 0.0466 0.0037 0.126965 -0.548189 10.96 
0.356 2 1 0 0 0.5270 0.2730 2.11 1.09 0.364 0.158 0.2055 0.1974 0.0478 0.0039 0.126965 -0.548281 10.96 
0.361 2 1 0 0 0.5296 0.2704 2.12 1.08 0.420 0.144 0.2023 0.2572 0.0488 0.0040 0.129556 -0.548386 10.96 
0.366 2 1 0 0 0.5296 0.2704 2.12 1.08 0.399 0.120 0.2135 0.2446 0.0500 0.0041 0.129556 -0.548207 10.97 
0.371 2 1 0 0 0.5321 0.2679 2.13 1.07 0.417 0.140 0.2316 0.2744 0.0510 0.0043 0.132147 -0.547574 10.96 
0.376 2 1 0 0 0.5296 0.2704 2.12 1.08 0.455 0.140 0.2602 0.2288 0.0524 0.0045 0.129556 -0.547023 10.96 
0.381 2 1 0 0 0.5296 0.2704 2.12 1.08 0.388 0.143 0.2385 0.2475 0.0536 0.0046 0.129556 -0.546996 10.97 
0.386 2 1 0 0 0.5296 0.2704 2.12 1.08 0.405 0.144 0.2670 0.2421 0.0548 0.0048 0.129556 -0.547650 10.96 
0.391 2 1 0 0 0.5296 0.2704 2.12 1.08 0.394 0.119 0.2469 0.2693 0.0560 0.0049 0.129556 -0.548620 10.96 
0.396 2 1 0 0 0.5321 0.2679 2.13 1.07 0.398 0.127 0.2516 0.2960 0.0574 0.0051 0.132147 -0.549331 10.96 
0.401 2 1 0 0 0.5321 0.2679 2.13 1.07 0.454 0.112 0.2532 0.2525 0.0586 0.0053 0.132147 -0.549714 10.96 
0.406 2 1 0 0 0.5296 0.2704 2.12 1.08 0.373 0.126 0.2591 0.2553 0.0600 0.0055 0.129556 -0.549812 10.96 
0.411 2 1 0 0 0.5296 0.2704 2.12 1.08 0.393 0.163 0.2905 0.2010 0.0611 0.0056 0.129556 -0.549839 10.97 
0.416 2 1 0 0 0.5270 0.2730 2.11 1.09 0.392 0.142 0.2715 0.2502 0.0625 0.0058 0.126965 -0.550201 10.97 
0.421 2 1 0 0 0.5270 0.2730 2.11 1.09 0.371 0.121 0.2555 0.2315 0.0637 0.0059 0.126965 -0.550343 10.96 
0.426 2 1 0 0 0.5270 0.2730 2.11 1.09 0.424 0.141 0.2624 0.2702 0.0649 0.0061 0.126965 -0.550379 10.96 
0.431 2 1 0 0 0.5296 0.2704 2.12 1.08 0.341 0.124 0.2531 0.2827 0.0663 0.0063 0.129556 -0.550399 10.96 
0.436 2 1 0 0 0.5270 0.2730 2.11 1.09 0.349 0.135 0.2943 0.2893 0.0677 0.0064 0.126965 -0.549933 10.96 
0.441 2 1 0 0 0.5244 0.2756 2.10 1.10 0.334 0.111 0.2862 0.2887 0.0691 0.0066 0.124374 -0.549665 10.97 
0.446 2 1 0 0 0.5270 0.2730 2.11 1.09 0.389 0.139 0.3037 0.2912 0.0705 0.0068 0.126965 -0.549887 10.96 
0.451 2 1 0 0 0.5244 0.2756 2.10 1.10 0.374 0.142 0.2838 0.2566 0.0719 0.0070 0.124374 -0.550774 10.97 
0.456 2 1 0 0 0.5244 0.2756 2.10 1.10 0.357 0.111 0.3023 0.2859 0.0731 0.0071 0.124374 -0.551655 10.98 
0.461 2 1 0 0 0.5244 0.2756 2.10 1.10 0.356 0.129 0.3123 0.2961 0.0747 0.0073 0.124374 -0.551878 10.97 
0.466 2 1 0 0 0.5218 0.2782 2.09 1.11 0.344 0.089 0.3246 0.2582 0.0761 0.0075 0.121783 -0.551673 10.97 
0.471 2 1 0 0 0.5218 0.2782 2.09 1.11 0.369 0.164 0.3077 0.2513 0.0777 0.0077 0.121783 -0.551822 10.97 
0.476 2 1 0 0 0.5218 0.2782 2.09 1.11 0.348 0.139 0.2992 0.2772 0.0789 0.0078 0.121783 -0.552317 10.97 
0.481 2 1 0 0 0.5192 0.2808 2.08 1.12 0.368 0.141 0.3089 0.2642 0.0803 0.0080 0.119192 -0.552647 10.97 
0.486 2 1 0 0 0.5192 0.2808 2.08 1.12 0.339 0.117 0.3151 0.2740 0.0819 0.0082 0.119192 -0.552706 10.96 
0.491 2 1 0 0 0.5166 0.2834 2.07 1.13 0.375 0.113 0.3301 0.2992 0.0833 0.0084 0.116600 -0.552166 10.97 
0.496 2 1 0 0 0.5166 0.2834 2.07 1.13 0.283 0.144 0.3146 0.2943 0.0849 0.0086 0.116600 -0.551583 10.97 
0.501 2 1 1 0 0.4000 -0.6280 1.60 -2.51 0.330 0.113 0.3045 0.2543 0.0863 0.0087 0.114009 -0.551326 10.96 
0.506 2 1 1 0 0.4000 -0.4000 1.60 -1.60 0.257 -0.416 0.3047 0.2407 0.0877 0.0089 0.111418 -0.551701 10.97 
0.511 2 1 1 0 0.4000 -0.4000 1.60 -1.60 0.254 -0.534 0.3313 0.1478 0.0888 0.0090 0.106236 -0.551672 10.97 
0.516 2 1 1 0 0.4000 -0.4000 1.60 -1.60 0.204 -0.489 0.3411 0.0653 0.0896 0.0091 0.095872 -0.551326 10.96 
0.521 2 1 1 0 0.4000 -0.4000 1.60 -1.60 0.228 -0.471 0.3376 0.0369 0.0906 0.0092 0.088098 -0.550961 10.96 
0.526 2 1 1 0 0.4000 -0.4000 1.60 -1.60 0.225 -0.545 0.3032 0.0926 0.0916 0.0093 0.080325 -0.550411 10.97 
0.531 2 1 1 0 0.4000 -0.4000 1.60 -1.60 0.265 -0.565 0.2821 0.1599 0.0927 0.0093 0.077734 -0.548679 10.96 
0.536 2 1 1 0 0.4000 -0.4000 1.60 -1.60 0.224 -0.563 0.2961 0.1816 0.0939 0.0094 0.072551 -0.545368 10.96 
0.541 2 1 1 0 0.4000 -0.4000 1.60 -1.60 0.239 -0.528 0.3316 0.1440 0.0949 0.0095 0.064778 -0.542318 10.96 
0.546 2 1 1 0 0.4000 -0.4000 1.60 -1.60 0.214 -0.525 0.3199 0.0868 0.0959 0.0096 0.057005 -0.540084 10.97 
0.551 2 1 1 0 0.4000 -0.4000 1.60 -1.60 0.227 -0.500 0.3668 0.0823 0.0971 0.0096 0.046640 -0.538828 10.96 
0.556 2 1 1 0 0.4000 -0.4000 1.60 -1.60 0.157 -0.499 0.3635 0.0647 0.0981 0.0097 0.038867 -0.538521 10.97 
0.561 2 1 1 0 0.4000 -0.4000 1.60 -1.60 0.190 -0.500 0.3575 0.0593 0.0993 0.0097 0.028502 -0.539002 10.95 
0.566 2 1 1 0 0.4000 -0.4000 1.60 -1.60 0.173 -0.497 0.3551 0.0722 0.1003 0.0097 0.020729 -0.539669 10.95 
0.571 2 1 1 0 0.4000 -0.4000 1.60 -1.60 0.182 -0.471 0.4061 0.0648 0.1013 0.0097 0.007773 -0.540888 10.96 
0.576 2 1 1 0 0.4000 -0.4000 1.60 -1.60 0.178 -0.484 0.4109 0.0497 0.1025 0.0097 -0.002591 -0.542657 10.95 
0.581 2 1 1 0 0.4000 -0.4000 1.60 -1.60 0.168 -0.496 0.3867 0.0495 0.1035 0.0097 -0.015547 -0.544447 10.97 
0.586 2 1 1 0 0.4000 -0.4000 1.60 -1.60 0.202 -0.454 0.3838 0.0306 0.1045 0.0097 -0.028502 -0.545318 10.96 
0.591 2 1 1 0 0.4000 -0.4000 1.60 -1.60 0.183 -0.435 0.3227 0.0222 0.1053 0.0097 -0.038867 -0.545151 10.96 
0.596 2 1 1 0 0.4000 -0.4000 1.60 -1.60 0.225 -0.417 0.3149 -0.0196 0.1059 0.0097 -0.051822 -0.544489 10.96 
0.601 2 1 1 0 0.4000 -0.4000 1.60 -1.60 0.199 -0.415 0.3290 -0.0196 0.1067 0.0096 -0.062187 -0.543305 10.95 
0.606 2 1 1 0 0.4000 -0.4000 1.60 -1.60 0.196 -0.422 0.3674 -0.0453 0.1075 0.0096 -0.077734 -0.541855 10.95 
0.611 2 1 1 0 0.4000 -0.4000 1.60 -1.60 0.148 -0.436 0.3783 -0.0453 0.1083 0.0095 -0.088098 -0.540745 10.95 
0.616 2 1 1 0 0.4000 -0.4000 1.60 -1.60 0.184 -0.402 0.3514 -0.0455 0.1091 0.0094 -0.103645 -0.540541 10.95 
0.621 2 1 1 0 0.4000 -0.4000 1.60 -1.60 0.216 -0.416 0.3784 -0.0486 0.1097 0.0093 -0.116600 -0.541078 10.95 
0.626 2 1 1 0 0.4000 -0.4000 1.60 -1.60 0.183 -0.398 0.3734 -0.0614 0.1105 0.0092 -0.132147 -0.541550 10.96 
0.631 2 1 1 0 0.4000 -0.4000 1.60 -1.60 0.201 -0.375 0.3674 -0.0614 0.1113 0.0091 -0.142512 -0.541642 10.95 
0.636 2 1 1 0 0.4000 -0.4000 1.60 -1.60 0.194 -0.398 0.3346 -0.0901 0.1117 0.0091 -0.158059 -0.541285 10.92 
0.641 2 1 1 0 0.4000 -0.4000 1.60 -1.60 0.238 -0.436 0.3307 -0.0922 0.1125 0.0089 -0.173605 -0.540367 10.95 
0.646 2 1 1 0 0.4000 -0.4000 1.60 -1.60 0.197 -0.376 0.3169 -0.1051 0.1131 0.0088 -0.186561 -0.538913 10.96 
0.651 2 1 1 0 0.4000 -0.4000 1.60 -1.60 0.222 -0.386 0.3437 -0.0948 0.1137 0.0087 -0.199517 -0.537176 10.95 
0.656 2 1 1 0 0.4000 -0.4000 1.60 -1.60 0.189 -0.386 0.3397 -0.0993 0.1142 0.0086 -0.212472 -0.535930 10.96 
0.661 2 1 1 0 0.4000 -0.4000 1.60 -1.60 0.207 -0.360 0.3110 -0.1083 0.1146 0.0085 -0.228019 -0.535980 10.94 
0.666 2 1 1 0 0.4000 -0.4000 1.60 -1.60 0.169 -0.367 0.3198 -0.0841 0.1152 0.0084 -0.240975 -0.536856 10.95 
0.671 2 1 1 0 0.4000 -0.4000 1.60 -1.60 0.204 -0.386 0.3608 -0.0942 0.1160 0.0082 -0.256521 -0.537090 10.95 
0.676 2 1 1 0 0.4000 -0.4000 1.60 -1.60 0.200 -0.394 0.3780 -0.1409 0.1164 0.0081 -0.272068 -0.536639 10.96 
0.681 2 1 1 0 0.4000 -0.4000 1.60 -1.60 0.205 -0.332 0.3510 -0.1130 0.1170 0.0079 -0.285024 -0.535877 10.96 
0.686 2 1 1 0 0.4000 -0.4000 1.60 -1.60 0.221 -0.353 0.3210 -0.1223 0.1174 0.0078 -0.300571 -0.535778 10.95 
0.691 2 1 1 0 0.4000 -0.4000 1.60 -1.60 0.223 -0.343 0.3295 -0.1334 0.1179 0.0076 -0.313526 -0.535444 10.97 
0.696 2 1 1 0 0.4000 -0.4000 1.60 -1.60 0.224 -0.369 0.3530 -0.1203 0.1183 0.0075 -0.329073 -0.535304 10.96 
0.701 2 1 1 0 0.4000 -0.4000 1.60 -1.60 0.202 -0.377 0.3402 -0.1268 0.1191 0.0072 -0.344620 -0.534850 10.97 
0.706 2 1 1 0 0.4000 -0.4000 1.60 -1.60 0.224 -0.352 0.3239 -0.1246 0.1194 0.0071 -0.360167 -0.534482 10.97 
0.711 2 1 1 0 0.4000 -0.4000 1.60 -1.60 0.237 -0.321 0.2668 -0.1357 0.1198 0.0069 -0.375713 -0.534597 10.96 
0.716 2 1 1 0 0.4000 -0.4000 1.60 -1.60 0.247 -0.331 0.3184 -0.1595 0.1200 0.0069 -0.388669 -0.533846 10.96 
0.721 2 1 1 0 0.4000 -0.4000 1.60 -1.60 0.200 -0.358 0.3279 -0.1351 0.1204 0.0067 -0.404216 -0.532073 10.96 
0.726 2 1 1 0 0.4000 -0.4000 1.60 -1.60 0.181 -0.350 0.3179 -0.1527 0.1207 0.0065 -0.419763 -0.530466 10.96 
0.731 2 1 1 0 0.4000 -0.4000 1.60 -1.60 0.234 -0.326 0.3005 -0.1508 0.1211 0.0064 -0.435310 -0.530314 10.96 
0.736 2 1 1 0 0.4000 -0.4000 1.60 -1.60 0.235 -0.326 0.2854 -0.1569 0.1213 0.0063 -0.448265 -0.530967 10.96 
0.741 2 1 1 0 0.4000 -0.4000 1.60 -1.60 0.236 -0.328 0.3048 -0.1483 0.1217 0.0061 -0.463812 -0.531510 10.97 
0.746 2 1 1 0 0.4000 -0.4000 1.60 -1.60 0.214 -0.343 0.3155 -0.1474 0.1222 0.0058 -0.476768 -0.531378 10.97 
0.751 2 1 1 0 0.4000 -0.4000 1.60 -1.60 0.240 -0.325 0.2818 -0.1695 0.1224 0.0058 -0.494906 -0.531225 10.97 
0.756 2 1 1 0 0.4000 -0.4000 1.60 -1.60 0.235 -0.306 0.2863 -0.1860 0.1225 0.0057 -0.507861 -0.530947 10.97 
0.761 2 1 1 0 0.4000 -0.4000 1.60 -1.60 0.286 -0.323 0.2859 -0.1950 0.1227 0.0056 -0.525999 -0.530280 10.97 
0.766 2 1 1 0 0.4000 -0.4000 1.60 -1.60 0.243 -0.319 0.2595 -0.1551 0.1231 0.0054 -0.536364 -0.529302 10.97 
0.771 2 1 1 0 0.4000 -0.4000 1.60 -1.60 0.244 -0.319 0.2950 -0.1936 0.1232 0.0053 -0.554502 -0.527956 10.97 
0.776 2 1 1 0 0.4000 -0.4000 1.60 -1.60 0.238 -0.311 0.2963 -0.2185 0.1234 0.0051 -0.567457 -0.527612 10.97 
0.781 2 1 1 0 0.4000 -0.4000 1.60 -1.60 0.269 -0.319 0.3036 -0.1835 0.1236 0.0050 -0.585595 -0.528328 10.97 
0.786 2 1 1 0 0.4000 -0.4000 1.60 -1.60 0.234 -0.316 0.2579 -0.1543 0.1237 0.0049 -0.598551 -0.529197 10.97 
0.791 2 1 1 0 0.4000 -0.4000 1.60 -1.60 0.210 -0.312 0.2508 -0.1765 0.1241 0.0047 -0.614098 -0.529801 10.97 
0.796 2 1 1 0 0.4000 -0.4000 1.60 -1.60 0.249 -0.321 0.2819 -0.2326 0.1241 0.0047 -0.629645 -0.529765 10.97 
0.801 2 1 1 0 0.4000 -0.4000 1.60 -1.60 0.223 -0.300 0.2584 -0.2028 0.1242 0.0046 -0.642600 -0.528929 10.97 
0.806 2 1 1 0 0.4000 -0.4000 1.60 -1.60 0.297 -0.289 0.2539 -0.1980 0.1242 0.0046 -0.658147 -0.527603 10.96 
0.811 2 1 1 0 0.4000 -0.4000 1.60 -1.60 0.300 -0.294 0.2123 -0.2404 0.1242 0.0046 -0.673694 -0.526347 10.97 
0.816 2 1 1 0 0.4000 -0.4000 1.60 -1.60 0.260 -0.287 0.2493 -0.2146 0.1244 0.0045 -0.686649 -0.525435 10.97 
0.821 2 1 1 0 0.4000 -0.4000 1.60 -1.60 0.276 -0.284 0.2662 -0.2029 0.1246 0.0043 -0.704787 -0.524927 10.97 
0.826 2 1 1 0 0.4000 -0.4000 1.60 -1.60 0.267 -0.319 0.2273 -0.1885 0.1247 0.0042 -0.717743 -0.524990 10.96 
0.831 2 1 1 0 0.4000 -0.4000 1.60 -1.60 0.264 -0.324 0.2713 -0.2004 0.1247 0.0042 -0.733290 -0.525235 10.97 
0.836 2 1 1 0 0.4000 -0.4000 1.60 -1.60 0.274 -0.296 0.2432 -0.2078 0.1249 0.0041 -0.746246 -0.525380 10.96 
0.841 2 1 1 0 0.4000 -0.4000 1.60 -1.60 0.265 -0.293 0.2157 -0.2163 0.1249 0.0041 -0.761792 -0.525100 10.97 
0.846 2 1 1 0 0.4000 -0.4000 1.60 -1.60 0.328 -0.283 0.2257 -0.2142 0.1249 0.0041 -0.772157 -0.524537 10.96 
0.851 2 1 2 0 -0.4023 -0.3977 -1.61 -1.59 0.287 -0.262 0.2042 -0.2337 0.1249 0.0041 -0.787704 -0.523892 10.97 
0.856 2 1 2 0 -0.4153 -0.3847 -1.66 -1.54 -0.388 -0.310 0.1555 -0.2324 0.1247 0.0042 -0.800659 -0.523318 10.96 
0.861 2 1 2 0 -0.4256 -0.3744 -1.70 -1.50 -0.509 -0.255 0.0936 -0.2179 0.1244 0.0045 -0.811024 -0.522741 10.96 
0.866 2 1 2 0 -0.4308 -0.3692 -1.72 -1.48 -0.475 -0.245 0.0553 -0.2175 0.1242 0.0048 -0.816206 -0.522036 10.96 
0.871 2 1 2 0 -0.4386 -0.3614 -1.75 -1.45 -0.478 -0.278 0.0327 -0.2029 0.1237 0.0052 -0.823979 -0.519818 10.96 
0.876 2 1 2 0 -0.4489 -0.3511 -1.79 -1.40 -0.505 -0.277 0.0255 -0.2239 0.1235 0.0055 -0.834344 -0.515848 10.96 
0.881 2 1 2 0 -0.4593 -0.3407 -1.84 -1.36 -0.606 -0.227 0.0964 -0.2135 0.1232 0.0058 -0.844709 -0.511974 10.96 
0.886 2 1 2 0 -0.4671 -0.3329 -1.87 -1.33 -0.623 -0.255 0.0818 -0.2285 0.1231 0.0060 -0.852482 -0.509021 10.95 
0.891 2 1 2 0 -0.4749 -0.3251 -1.90 -1.30 -0.518 -0.266 0.0538 -0.2053 0.1227 0.0064 -0.860255 -0.507039 10.96 
0.896 2 1 2 0 -0.4800 -0.3200 -1.92 -1.28 -0.523 -0.253 0.0322 -0.2186 0.1224 0.0067 -0.865438 -0.505418 10.95 
0.901 2 1 2 0 -0.4878 -0.3122 -1.95 -1.25 -0.555 -0.255 0.0230 -0.2046 0.1220 0.0072 -0.873211 -0.504037 10.95 
0.906 2 1 2 0 -0.4930 -0.3070 -1.97 -1.23 -0.578 -0.275 0.0179 -0.1604 0.1218 0.0075 -0.878393 -0.502817 10.95 
0.911 2 1 2 0 -0.4982 -0.3018 -1.99 -1.21 -0.567 -0.245 0.0146 -0.1457 0.1215 0.0078 -0.883576 -0.502741 10.94 
0.916 2 1 2 0 -0.5034 -0.2966 -2.01 -1.19 -0.587 -0.214 0.0124 -0.1748 0.1213 0.0081 -0.888758 -0.503783 10.94 
0.921 2 1 2 0 -0.5085 -0.2915 -2.03 -1.17 -0.626 -0.255 0.0107 -0.1441 0.1210 0.0084 -0.893940 -0.505620 10.95 
0.926 2 1 2 0 -0.5111 -0.2889 -2.04 -1.16 -0.611 -0.237 -0.0100 -0.1457 0.1206 0.0089 -0.896531 -0.507777 10.94 
0.931 2 1 2 0 -0.5137 -0.2863 -2.05 -1.15 -0.573 -0.217 -0.0544 -0.1497 0.1203 0.0094 -0.899122 -0.509204 10.94 
0.936 2 1 2 0 -0.5163 -0.2837 -2.06 -1.13 -0.513 -0.165 -0.0898 -0.1753 0.1199 0.0098 -0.901713 -0.509338 10.95 
0.941 2 1 2 0 -0.5215 -0.2785 -2.08 -1.11 -0.473 -0.194 -0.1144 -0.2293 0.1194 0.0105 -0.906896 -0.508403 10.95 
0.946 2 1 2 0 -0.5241 -0.2759 -2.10 -1.10 -0.433 -0.168 -0.1599 -0.2081 0.1188 0.0113 -0.909487 -0.506831 10.96 
0.951 2 1 2 0 -0.5241 -0.2759 -2.10 -1.10 -0.448 -0.175 -0.1684 -0.1869 0.1183 0.0119 -0.909487 -0.505091 10.95 
0.956 2 1 2 0 -0.5241 -0.2759 -2.10 -1.10 -0.486 -0.192 -0.1409 -0.1790 0.1178 0.0125 -0.909487 -0.502816 10.95 
0.961 2 1 2 0 -0.5241 -0.2759 -2.10 -1.10 -0.485 -0.199 -0.1188 -0.1431 0.1173 0.0132 -0.909487 -0.501353 10.95 
0.966 2 1 2 0 -0.5241 -0.2759 -2.10 -1.10 -0.454 -0.197 -0.1568 -0.1465 0.1168 0.0138 -0.909487 -0.501096 10.96 
0.971 2 1 2 0 -0.5241 -0.2759 -2.10 -1.10 -0.433 -0.233 -0.1773 -0.1634 0.1163 0.0144 -0.909487 -0.501716 10.95 
0.976 2 1 2 0 -0.5241 -0.2759 -2.10 -1.10 -0.461 -0.210 -0.1514 -0.1688 0.1158 0.0151 -0.909487 -0.502342 10.95 
0.981 2 1 2 0 -0.5241 -0.2759 -2.10 -1.10 -0.460 -0.204 -0.1758 -0.1627 0.1153 0.0157 -0.909487 -0.502964 10.95 
0.986 2 1 2 0 -0.5241 -0.2759 -2.10 -1.10 -0.421 -0.194 -0.1788 -0.1525 0.1148 0.0163 -0.909487 -0.503549 10.96 
0.991 2 1 2 0 -0.5215 -0.2785 -2.08 -1.11 -0.424 -0.200 -0.2310 -0.1594 0.1142 0.0171 -0.906896 -0.503569 10.96 
0.996 2 1 2 0 -0.5215 -0.2785 -2.08 -1.11 -0.400 -0.211 -0.2290 -0.1865 0.1135 0.0181 -0.906896 -0.502863 10.96 
1.001 2 1 2 0 -0.5163 -0.2837 -2.06 -1.13 -0.382 -0.228 -0.2379 -0.1362 0.1130 0.0187 -0.901713 -0.501580 10.96 
1.006 2 1 2 0 -0.5137 -0.2863 -2.05 -1.15 -0.433 -0.219 -0.2260 -0.1422 0.1123 0.0195 -0.899122 -0.500156 10.95 
1.011 2 1 2 0 -0.5137 -0.2863 -2.05 -1.15 -0.407 -0.197 -0.1977 -0.1598 0.1119 0.0201 -0.899122 -0.499168 10.96 
1.016 2 1 2 0 -0.5137 -0.2863 -2.05 -1.15 -0.378 -0.229 -0.2464 -0.1808 0.1111 0.0211 -0.899122 -0.499365 10.95 
1.021 2 1 2 0 -0.5085 -0.2915 -2.03 -1.17 -0.394 -0.211 -0.2292 -0.1430 0.1106 0.0217 -0.893940 -0.499755 10.97 
1.026 2 1 2 0 -0.5060 -0.2940 -2.02 -1.18 -0.372 -0.221 -0.2356 -0.1269 0.1100 0.0225 -0.891349 -0.500113 10.96 
1.031 2 1 2 0 -0.5034 -0.2966 -2.01 -1.19 -0.353 -0.240 -0.2338 -0.1694 0.1093 0.0233 -0.888758 -0.500792 10.96 
1.036 2 1 2 0 -0.5034 -0.2966 -2.01 -1.19 -0.396 -0.245 -0.2320 -0.1848 0.1086 0.0242 -0.888758 -0.501151 10.97 
1.041 2 1 2 0 -0.5008 -0.2992 -2.00 -1.20 -0.366 -0.243 -0.2321 -0.1597 0.1079 0.0250 -0.886167 -0.501187 10.97 
1.046 2 1 2 0 -0.4956 -0.3044 -1.98 -1.22 -0.371 -0.238 -0.2767 -0.1448 0.1074 0.0256 -0.880984 -0.501121 10.96 
1.051 2 1 2 0 -0.4956 -0.3044 -1.98 -1.22 -0.341 -0.220 -0.2457 -0.1824 0.1067 0.0265 -0.880984 -0.500715 10.96 
1.056 2 1 2 0 -0.4904 -0.3096 -1.96 -1.24 -0.329 -0.253 -0.2876 -0.1907 0.1059 0.0275 -0.875802 -0.500496 10.97 
1.061 2 1 2 0 -0.4878 -0.3122 -1.95 -1.25 -0.342 -0.218 -0.2769 -0.1682 0.1053 0.0282 -0.873211 -0.500460 10.97 
1.066 2 1 2 0 -0.4852 -0.3148 -1.94 -1.26 -0.335 -0.215 -0.2222 -0.1847 0.1046 0.0290 -0.870620 -0.500333 10.96 
1.071 2 1 2 0 -0.4800 -0.3200 -1.92 -1.28 -0.363 -0.241 -0.2743 -0.1931 0.1038 0.0299 -0.865438 -0.500745 10.96 
1.076 2 1 2 0 -0.4800 -0.3200 -1.92 -1.28 -0.307 -0.238 -0.2634 -0.1740 0.1030 0.0308 -0.865438 -0.501348 10.97 
1.081 2 1 2 0 -0.4774 -0.3226 -1.91 -1.29 -0.323 -0.258 -0.2589 -0.1688 0.1024 0.0316 -0.862846 -0.501986 10.96 
1.086 2 1 2 0 -0.4723 -0.3277 -1.89 -1.31 -0.342 -0.233 -0.2595 -0.1800 0.1016 0.0325 -0.857664 -0.502494 10.97 
1.091 2 1 2 0 -0.4723 -0.3277 -1.89 -1.31 -0.303 -0.263 -0.2945 -0.2033 0.1008 0.0334 -0.857664 -0.502650 10.96 
1.096 2 1 2 0 -0.4671 -0.3329 -1.87 -1.33 -0.320 -0.232 -0.2916 -0.1930 0.1000 0.0343 -0.852482 -0.502155 10.96 
1.101 2 1 2 0 -0.4671 -0.3329 -1.87 -1.33 -0.287 -0.218 -0.2668 -0.1991 0.0992 0.0352 -0.852482 -0.501478 10.96 
1.106 2 1 2 0 -0.4619 -0.3381 -1.85 -1.35 -0.314 -0.246 -0.2687 -0.2233 0.0984 0.0361 -0.847300 -0.501037 10.97 
1.111 2 1 2 0 -0.4619 -0.3381 -1.85 -1.35 -0.285 -0.226 -0.2895 -0.2050 0.0976 0.0370 -0.847300 -0.500955 10.97 
1.116 2 1 2 0 -0.4567 -0.3433 -1.83 -1.37 -0.307 -0.225 -0.3026 -0.2216 0.0968 0.0379 -0.842117 -0.501200 10.96 
1.121 2 1 2 0 -0.4541 -0.3459 -1.82 -1.38 -0.283 -0.258 -0.2766 -0.2203 0.0959 0.0390 -0.839526 -0.501808 10.97 
1.126 2 1 2 0 -0.4515 -0.3485 -1.81 -1.39 -0.286 -0.287 -0.2759 -0.1719 0.0952 0.0397 -0.836935 -0.502569 10.96 
1.131 2 1 2 0 -0.4515 -0.3485 -1.81 -1.39 -0.316 -0.233 -0.2827 -0.2130 0.0944 0.0406 -0.836935 -0.503210 10.97 
1.136 2 1 2 0 -0.4464 -0.3536 -1.78 -1.41 -0.283 -0.250 -0.3096 -0.2341 0.0936 0.0415 -0.831753 -0.504281 10.96 
1.141 2 1 2 0 -0.4438 -0.3562 -1.77 -1.42 -0.265 -0.248 -0.3248 -0.2246 0.0927 0.0426 -0.829162 -0.505387 10.96 
1.146 2 1 2 0 -0.4412 -0.3588 -1.76 -1.44 -0.243 -0.225 -0.3241 -0.2430 0.0917 0.0436 -0.826571 -0.505666 10.97 
1.151 2 1 2 0 -0.4386 -0.3614 -1.75 -1.45 -0.296 -0.255 -0.3102 -0.2564 0.0908 0.0446 -0.823979 -0.504841 10.96 
1.156 2 1 2 0 -0.4386 -0.3614 -1.75 -1.45 -0.262 -0.217 -0.2871 -0.2463 0.0900 0.0455 -0.823979 -0.503686 10.97 
1.161 2 1 2 0 -0.4386 -0.3614 -1.75 -1.45 -0.269 -0.199 -0.2940 -0.2525 0.0889 0.0467 -0.823979 -0.502712 10.97 
1.166 2 1 2 0 -0.4360 -0.3640 -1.74 -1.46 -0.255 -0.239 -0.2974 -0.2273 0.0879 0.0477 -0.821388 -0.501725 10.97 
1.171 2 1 2 0 -0.4334 -0.3666 -1.73 -1.47 -0.261 -0.246 -0.3123 -0.2173 0.0872 0.0485 -0.818797 -0.501501 10.96 
1.176 2 1 2 0 -0.4308 -0.3692 -1.72 -1.48 -0.255 -0.256 -0.2741 -0.2450 0.0863 0.0495 -0.816206 -0.501340 10.96 
1.181 2 1 2 0 -0.4334 -0.3666 -1.73 -1.47 -0.278 -0.256 -0.2693 -0.2621 0.0853 0.0505 -0.818797 -0.502141 10.97 
1.186 2 1 2 0 -0.4308 -0.3692 -1.72 -1.48 -0.289 -0.217 -0.2590 -0.6172 0.0843 0.0515 -0.816206 -0.503779 10.97 
1.191 2 1 2 0 -0.4308 -0.3692 -1.72 -1.48 -0.265 -0.261 -0.3038 -0.2611 0.0835 0.0524 -0.816206 -0.505298 10.96 
1.196 2 1 2 0 -0.4282 -0.3718 -1.71 -1.49 -0.256 -0.237 -0.3206 -0.2428 0.0825 0.0534 -0.813615 -0.506386 10.96 
1.201 2 1 2 0 -0.4256 -0.3744 -1.70 -1.50 -0.239 -0.224 -0.3185 -0.2694 0.0816 0.0545 -0.811024 -0.506689 10.96 
1.206 2 1 2 0 -0.4230 -0.3770 -1.69 -1.51 -0.263 -0.233 -0.3165 -0.2576 0.0806 0.0555 -0.808433 -0.506322 10.96 
1.211 2 1 2 0 -0.4230 -0.3770 -1.69 -1.51 -0.239 -0.194 -0.3191 -0.2949 0.0795 0.0566 -0.808433 -0.505400 10.97 
1.216 2 1 2 0 -0.4230 -0.3770 -1.69 -1.51 -0.283 -0.234 -0.3355 -0.2863 0.0784 0.0578 -0.808433 -0.504654 10.96 
1.221 2 1 2 0 -0.4204 -0.3796 -1.68 -1.52 -0.223 -0.206 -0.3368 -0.2921 0.0774 0.0588 -0.805842 -0.504076 10.96 
1.226 2 1 2 0 -0.4204 -0.3796 -1.68 -1.52 -0.234 -0.243 -0.3071 -0.2568 0.0766 0.0597 -0.805842 -0.503379 10.96 
1.231 2 1 2 0 -0.4204 -0.3796 -1.68 -1.52 -0.232 -0.251 -0.2765 -0.2534 0.0755 0.0608 -0.805842 -0.502813 10.96 
1.236 2 1 2 0 -0.4179 -0.3821 -1.67 -1.53 -0.270 -0.239 -0.2674 -0.2971 0.0745 0.0619 -0.803250 -0.502874 10.96 
1.241 2 1 2 0 -0.4204 -0.3796 -1.68 -1.52 -0.257 -0.232 -0.2914 -0.2994 0.0735 0.0629 -0.805842 -0.503934 10.96 
1.246 2 1 2 0 -0.4179 -0.3821 -1.67 -1.53 -0.255 -0.209 -0.3138 -0.2724 0.0725 0.0639 -0.803250 -0.505413 10.96 
1.251 2 1 2 0 -0.4179 -0.3821 -1.67 -1.53 -0.244 -0.250 -0.3070 -0.2603 0.0714 0.0650 -0.803250 -0.506380 10.96 
1.256 2 1 2 0 -0.4153 -0.3847 -1.66 -1.54 -0.243 -0.217 -0.3089 -0.2938 0.0705 0.0661 -0.800659 -0.506800 10.96 
1.261 2 1 2 0 -0.4179 -0.3821 -1.67 -1.53 -0.251 -0.231 -0.3185 -0.3282 0.0695 0.0671 -0.803250 -0.507078 10.99 
1.266 2 1 2 0 -0.4179 -0.3821 -1.67 -1.53 -0.225 -0.202 -0.3223 -0.3379 0.0684 0.0682 -0.803250 -0.507481 10.96 
1.271 2 1 2 0 -0.4153 -0.3847 -1.66 -1.54 -0.221 -0.208 -0.3430 -0.3442 0.0671 0.0695 -0.800659 -0.507373 10.96 
1.276 2 1 2 0 -0.4153 -0.3847 -1.66 -1.54 -0.213 -0.214 -0.3508 -0.3078 0.0660 0.0707 -0.800659 -0.506872 10.95 
1.281 2 1 2 0 -0.4127 -0.3873 -1.65 -1.55 -0.228 -0.224 -0.3265 -0.2722 0.0650 0.0717 -0.798068 -0.505531 10.96 
1.286 2 1 2 0 -0.4127 -0.3873 -1.65 -1.55 -0.237 -0.217 -0.3235 -0.2877 0.0639 0.0728 -0.798068 -0.504381 10.96 
1.291 2 1 2 0 -0.4127 -0.3873 -1.65 -1.55 -0.232 -0.233 -0.3128 -0.3146 0.0628 0.0740 -0.798068 -0.503988 10.96 
1.296 2 1 2 0 -0.4127 -0.3873 -1.65 -1.55 -0.221 -0.236 -0.3268 -0.2965 0.0616 0.0751 -0.798068 -0.504414 10.96 
1.301 2 1 2 0 -0.4153 -0.3847 -1.66 -1.54 -0.238 -0.228 -0.2979 -0.2911 0.0607 0.0761 -0.800659 -0.505279 10.95 
1.306 2 1 2 0 -0.4127 -0.3873 -1.65 -1.55 -0.230 -0.246 -0.2987 -0.2928 0.0597 0.0771 -0.798068 -0.505667 10.96 
1.311 2 1 2 0 -0.4127 -0.3873 -1.65 -1.55 -0.242 -0.220 -0.2884 -0.3107 0.0586 0.0783 -0.798068 -0.506139 10.95 
1.316 2 1 2 0 -0.4127 -0.3873 -1.65 -1.55 -0.220 -0.250 -0.3366 -0.3325 0.0574 0.0794 -0.798068 -0.506528 10.95 
1.321 2 1 2 0 -0.4127 -0.3873 -1.65 -1.55 -0.229 -0.182 -0.3550 -0.3452 0.0563 0.0806 -0.798068 -0.506859 10.96 
1.326 2 1 2 0 -0.4127 -0.3873 -1.65 -1.55 -0.213 -0.223 -0.3431 -0.3265 0.0552 0.0817 -0.798068 -0.506879 10.96 
1.331 2 1 2 0 -0.4101 -0.3899 -1.64 -1.56 -0.208 -0.204 -0.3370 -0.3051 0.0539 0.0830 -0.795477 -0.506003 10.96 
1.336 2 1 2 0 -0.4101 -0.3899 -1.64 -1.56 -0.218 -0.250 -0.3414 -0.3178 0.0528 0.0842 -0.795477 -0.504904 10.96 
1.341 2 1 2 0 -0.4101 -0.3899 -1.64 -1.56 -0.224 -0.198 -0.3389 -0.3419 0.0517 0.0853 -0.795477 -0.504397 10.96 
1.346 2 1 2 0 -0.4101 -0.3899 -1.64 -1.56 -0.222 -0.228 -0.3429 -0.3340 0.0506 0.0865 -0.795477 -0.504599 10.96 
1.351 2 1 3 0 -0.4000 0.4202 -1.60 1.68 -0.210 -0.201 -0.3249 -0.3084 0.0494 0.0876 -0.795477 -0.504820 10.96 
1.356 2 1 3 0 -0.4000 0.4000 -1.60 1.60 -0.227 0.371 -0.3240 -0.2497 0.0484 0.0886 -0.792886 -0.504598 10.96 
1.361 2 1 3 0 -0.4000 0.4000 -1.60 1.60 -0.216 0.610 -0.3224 -0.1601 0.0476 0.0895 -0.787704 -0.504699 10.96 
1.366 2 1 3 0 -0.4000 0.4000 -1.60 1.60 -0.224 0.531 -0.3417 -0.0959 0.0469 0.0902 -0.779930 -0.505586 10.96 
1.371 2 1 3 0 -0.4000 0.4000 -1.60 1.60 -0.199 0.482 -0.3373 -0.0544 0.0463 0.0908 -0.769566 -0.506851 10.96 
1.376 2 1 3 0 -0.4000 0.4000 -1.60 1.60 -0.221 0.497 -0.3152 -0.0325 0.0457 0.0913 -0.759201 -0.508188 10.96 
1.381 2 1 3 0 -0.4000 0.4000 -1.60 1.60 -0.208 0.522 -0.3094 -0.0270 0.0450 0.0920 -0.751428 -0.510631 10.96 
1.386 2 1 3 0 -0.4000 0.4000 -1.60 1.60 -0.224 0.563 -0.3523 -0.0858 0.0441 0.0928 -0.741063 -0.513747 10.96 
1.391 2 1 3 0 -0.4000 0.4000 -1.60 1.60 -0.193 0.540 -0.3307 -0.1181 0.0432 0.0936 -0.735881 -0.516408 10.97 
1.396 2 1 3 0 -0.4000 0.4000 -1.60 1.60 -0.228 0.527 -0.3693 -0.0946 0.0425 0.0943 -0.728108 -0.517995 10.97 
1.401 2 1 3 0 -0.4000 0.4000 -1.60 1.60 -0.176 0.539 -0.3880 -0.0809 0.0416 0.0951 -0.717743 -0.517927 10.97 
1.406 2 1 3 0 -0.4000 0.4000 -1.60 1.60 -0.193 0.524 -0.3629 -0.0633 0.0408 0.0957 -0.704787 -0.516763 10.98 
1.411 2 1 3 0 -0.4000 0.4000 -1.60 1.60 -0.168 0.506 -0.3583 -0.0624 0.0400 0.0964 -0.697014 -0.515519 10.97 
1.416 2 1 3 0 -0.4000 0.4000 -1.60 1.60 -0.207 0.504 -0.3475 -0.0512 0.0391 0.0972 -0.686649 -0.514896 10.97 
1.421 2 1 3 0 -0.4000 0.4000 -1.60 1.60 -0.218 0.487 -0.3316 -0.0512 0.0385 0.0977 -0.676285 -0.514686 10.96 
1.426 2 1 3 0 -0.4000 0.4000 -1.60 1.60 -0.220 0.497 -0.3154 -0.0369 0.0377 0.0983 -0.668512 -0.515560 10.96 
1.431 2 1 3 0 -0.4000 0.4000 -1.60 1.60 -0.208 0.486 -0.3319 -0.0369 0.0371 0.0988 -0.658147 -0.517617 10.96 
1.436 2 1 3 0 -0.4000 0.4000 -1.60 1.60 -0.221 0.480 -0.3162 -0.0360 0.0364 0.0993 -0.647782 -0.519723 10.97 
1.441 2 1 3 0 -0.4000 0.4000 -1.60 1.60 -0.219 0.535 -0.3096 -0.0262 0.0356 0.0999 -0.640009 -0.521036 10.96 
1.446 2 1 3 0 -0.4000 0.4000 -1.60 1.60 -0.225 0.571 -0.3060 -0.0262 0.0351 0.1002 -0.632236 -0.521649 10.96 
1.451 2 1 3 0 -0.4000 0.4000 -1.60 1.60 -0.231 0.555 -0.2747 -0.0262 0.0345 0.1007 -0.621871 -0.522044 10.96 
1.456 2 1 3 0 -0.4000 0.4000 -1.60 1.60 -0.267 0.557 -0.2768 -0.0253 0.0338 0.1012 -0.611507 -0.522420 10.96 
1.461 2 1 3 0 -0.4000 0.4000 -1.60 1.60 -0.191 0.559 -0.3097 -0.0193 0.0333 0.1015 -0.603733 -0.522503 10.96 
1.466 2 1 3 0 -0.4000 0.4000 -1.60 1.60 -0.232 0.567 -0.2993 -0.0155 0.0327 0.1020 -0.593369 -0.522558 10.97 
1.471 2 1 3 0 -0.4000 0.4000 -1.60 1.60 -0.234 0.496 -0.2597 -0.0130 0.0322 0.1023 -0.585595 -0.522490 10.96 
1.4760.0317 0.1026 -0.577822 -0.522521 10.96 
1.481 2 1 3 0 -0.4000 0.4000 -1.60 1.60 -0.290 0.465 -0.2368 -0.0098 0.0312 0.1030 -0.570048 -0.522636 10.96 
1.486 2 1 3 0 -0.4000 0.4000 -1.60 1.60 -0.264 0.463 -0.2451 -0.0088 0.0305 0.1034 -0.559684 -0.523066 10.96 
1.491 2 1 3 0 -0.4000 0.4000 -1.60 1.60 -0.271 0.450 -0.2413 0.0079 0.0302 0.1036 -0.549319 -0.523761 10.96 
1.496 2 1 3 0 -0.4000 0.4000 -1.60 1.60 -0.253 0.449 -0.2214 0.0079 0.0298 0.1038 -0.544137 -0.524692 10.96 
1.501 2 1 3 0 -0.4000 0.4000 -1.60 1.60 -0.276 0.437 -0.2193 0.0079 0.0293 0.1041 -0.536364 -0.525984 10.96 
1.506 2 1 3 0 -0.4000 0.4000 -1.60 1.60 -0.307 0.454 -0.1916 0.0079 0.0290 0.1043 -0.531181 -0.527239 10.96 
1.511 2 1 3 0 -0.4000 0.4000 -1.60 1.60 -0.315 0.457 -0.1949 0.0079 0.0284 0.1046 -0.523408 -0.528412 10.96 
1.516 2 1 3 0 -0.4000 0.4000 -1.60 1.60 -0.288 0.460 -0.2195 0.0079 0.0281 0.1048 -0.518226 -0.529362 10.97 
1.521 2 1 3 0 -0.4000 0.4000 -1.60 1.60 -0.310 0.455 -0.2238 0.0079 0.0276 0.1051 -0.510452 -0.529711 10.96 
1.526 2 1 3 0 -0.4000 0.4000 -1.60 1.60 -0.271 0.469 -0.1917 0.0079 0.0270 0.1054 -0.502679 -0.529507 10.96 
1.531 2 1 3 0 -0.4000 0.4000 -1.60 1.60 -0.293 0.454 -0.1965 0.0079 0.0267 0.1056 -0.497497 -0.529195 10.96 
1.536 2 1 3 0 -0.4000 0.4000 -1.60 1.60 -0.343 0.449 -0.1863 0.0079 0.0263 0.1058 -0.492314 -0.529167 10.96 
1.541 2 1 3 0 -0.4000 0.4000 -1.60 1.60 -0.362 0.466 -0.1514 0.0079 0.0260 0.1060 -0.487132 -0.529005 10.96 
1.546 2 1 3 0 -0.4000 0.4000 -1.60 1.60 -0.351 0.459 -0.1293 0.0079 0.0258 0.1061 -0.479359 -0.529102 10.96 
1.551 2 1 3 0 -0.4000 0.4000 -1.60 1.60 -0.334 0.448 -0.1370 0.0079 0.0256 0.1062 -0.476768 -0.529692 10.96 
1.556 2 1 3 0 -0.4000 0.4000 -1.60 1.60 -0.348 0.442 -0.1492 0.0079 0.0253 0.1064 -0.471585 -0.530640 10.96 
1.561 2 1 3 0 -0.4000 0.4000 -1.60 1.60 -0.347 0.454 -0.1274 0.0079 0.0249 0.1065 -0.466403 -0.531269 10.95 
1.566 2 1 3 0 -0.4000 0.4000 -1.60 1.60 -0.370 0.476 -0.1197 0.0079 0.0247 0.1066 -0.463812 -0.531678 10.96 
1.571 2 1 3 0 -0.4000 0.4000 -1.60 1.60 -0.358 0.473 -0.1176 0.0079 0.0244 0.1068 -0.458630 -0.532249 10.95 
1.576 2 1 3 0 -0.4000 0.4000 -1.60 1.60 -0.337 0.447 -0.1201 0.0126 0.0244 0.1068 -0.453447 -0.532725 10.95 
1.581 2 1 3 0 -0.4000 0.4000 -1.60 1.60 -0.339 0.408 -0.1263 0.0126 0.0240 0.1070 -0.448265 -0.533028 10.95 
1.586 2 1 3 0 -0.4000 0.4000 -1.60 1.60 -0.394 0.430 -0.1304 0.0126 0.0238 0.1071 -0.445674 -0.533084 10.95 
1.591 2 1 3 0 -0.4000 0.4000 -1.60 1.60 -0.386 0.447 -0.0972 0.0242 0.0238 0.1071 -0.440492 -0.533211 10.95 
1.596 2 1 3 0 -0.4000 0.4000 -1.60 1.60 -0.387 0.455 -0.0876 0.0242 0.0236 0.1072 -0.437901 -0.533628 10.95 
1.601 2 1 3 0 -0.4000 0.4000 -1.60 1.60 -0.375 0.464 -0.0936 0.0242 0.0233 0.1073 -0.432718 -0.534624 10.95 
1.606 2 1 3 0 -0.4000 0.4000 -1.60 1.60 -0.362 0.443 -0.0983 0.0321 0.0233 0.1073 -0.427536 -0.535535 10.95 
1.611 2 1 3 0 -0.4000 0.4000 -1.60 1.60 -0.363 0.413 -0.1031 0.0321 0.0231 0.1074 -0.424945 -0.536167 10.95 
1.616 2 1 3 0 -0.4000 0.4000 -1.60 1.60 -0.377 0.419 -0.0849 0.0372 0.0231 0.1074 -0.419763 -0.536382 10.95 
1.621 2 1 3 0 -0.4000 0.4000 -1.60 1.60 -0.437 0.417 -0.0701 0.0372 0.0229 0.1075 -0.417172 -0.536398 10.94 
1.626 2 1 3 0 -0.4000 0.4000 -1.60 1.60 -0.430 0.430 -0.0610 0.0356 0.0229 0.1075 -0.411989 -0.536638 10.94 
1.631 2 1 3 0 -0.4000 0.4000 -1.60 1.60 -0.405 0.489 -0.0610 0.0356 0.0229 0.1075 -0.411989 -0.537079 10.93 
1.636 2 1 3 0 -0.4000 0.4000 -1.60 1.60 -0.405 0.496 -0.0566 0.0445 0.0229 0.1075 -0.406807 -0.537702 10.94 
1.641 2 1 3 0 -0.4000 0.4000 -1.60 1.60 -0.409 0.439 -0.0503 0.0445 0.0229 0.1075 -0.406807 -0.538192 10.95 
1.646 2 1 3 0 -0.4000 0.4000 -1.60 1.60 -0.414 0.414 -0.0464 0.0359 0.0229 0.1075 -0.401625 -0.538712 10.95 
1.651 2 1 3 0 -0.4000 0.4000 -1.60 1.60 -0.416 0.424 -0.0431 0.0359 0.0229 0.1075 -0.401625 -0.538975 10.95 
1.656 2 1 3 0 -0.4000 0.4000 -1.60 1.60 -0.404 0.415 -0.0386 0.0396 0.0229 0.1075 -0.396443 -0.539087 10.94 
1.661 2 1 3 0 -0.4000 0.4000 -1.60 1.60 -0.408 0.416 -0.0386 0.0396 0.0229 0.1075 -0.396443 -0.539180 10.94 
1.666 2 1 3 0 -0.4000 0.4000 -1.60 1.60 -0.408 0.417 -0.0339 0.0385 0.0229 0.1075 -0.391260 -0.539310 10.95 
1.671 2 1 3 0 -0.4000 0.4000 -1.60 1.60 -0.412 0.401 -0.0339 0.0385 0.0229 0.1075 -0.391260 -0.539493 10.94 
1.676 2 1 3 0 -0.4000 0.4000 -1.60 1.60 -0.410 0.360 -0.0333 0.0622 0.0231 0.1074 -0.388669 -0.539829 10.95 
1.681 2 1 3 0 -0.4000 0.4000 -1.60 1.60 -0.416 0.381 -0.0235 0.0537 0.0233 0.1073 -0.386078 -0.540275 10.96 
1.686 2 1 3 0 -0.4000 0.4000 -1.60 1.60 -0.414 0.382 -0.0197 0.0537 0.0231 0.1074 -0.383487 -0.540767 10.95 
1.691 2 1 3 0 -0.4000 0.4000 -1.60 1.60 -0.419 0.435 -0.0197 0.0604 0.0233 0.1073 -0.380896 -0.541061 10.95 
1.696 2 1 3 0 -0.4000 0.4000 -1.60 1.60 -0.412 0.463 -0.0197 0.0602 0.0235 0.1073 -0.378305 -0.541092 10.95 
1.701 2 1 3 0 -0.4000 0.4000 -1.60 1.60 -0.422 0.393 -0.0197 0.0706 0.0236 0.1072 -0.375713 -0.540982 10.95 
1.706 2 1 3 0 -0.4000 0.4000 -1.60 1.60 -0.424 0.395 -0.0185 0.0539 0.0238 0.1071 -0.373122 -0.540738 10.96 
1.711 2 1 3 0 -0.4000 0.4000 -1.60 1.60 -0.438 0.395 -0.0151 0.0539 0.0238 0.1071 -0.373122 -0.540546 10.96 
1.716 2 1 3 0 -0.4000 0.4000 -1.60 1.60 -0.454 0.378 -0.0127 0.0672 0.0240 0.1070 -0.370531 -0.540361 10.96 
1.721 2 1 3 0 -0.4000 0.4000 -1.60 1.60 -0.473 0.377 -0.0110 0.0671 0.0242 0.1070 -0.367940 -0.540373 10.96 
1.726 2 1 3 0 -0.4000 0.4000 -1.60 1.60 -0.472 0.389 -0.0096 0.0737 0.0244 0.1069 -0.365349 -0.540701 10.95 
1.731 2 1 3 0 -0.4000 0.4000 -1.60 1.60 -0.470 0.394 -0.0086 0.0636 0.0246 0.1068 -0.362758 -0.541025 10.96 
1.736 2 1 3 0 -0.4000 0.4000 -1.60 1.60 -0.470 0.400 -0.0078 0.0706 0.0248 0.1068 -0.360167 -0.541263 10.96 
1.741 2 1 3 0 -0.4000 0.4000 -1.60 1.60 -0.473 0.399 -0.0071 0.0706 0.0248 0.1068 -0.360167 -0.541310 10.96 
1.746 2 1 3 0 -0.4000 0.4000 -1.60 1.60 -0.463 0.410 -0.0065 0.0674 0.0250 0.1067 -0.357576 -0.541147 10.96 
1.751 2 1 3 0 -0.4000 0.4000 -1.60 1.60 -0.459 0.428 -0.0060 0.0773 0.0252 0.1066 -0.354984 -0.540886 10.96 
1.756 2 1 3 0 -0.4000 0.4000 -1.60 1.60 -0.478 0.394 -0.0056 0.0608 0.0253 0.1065 -0.352393 -0.540555 10.97 
1.761 2 1 3 0 -0.4000 0.4000 -1.60 1.60 -0.477 0.387 -0.0052 0.0740 0.0255 0.1065 -0.349802 -0.540251 10.97 
1.766 2 1 3 0 -0.4000 0.4000 -1.60 1.60 -0.475 0.373 -0.0049 0.0779 0.0257 0.1064 -0.347211 -0.539891 10.96 
1.771 2 1 3 0 -0.4000 0.4000 -1.60 1.60 -0.484 0.365 -0.0046 0.0903 0.0259 0.1063 -0.344620 -0.539666 10.96 
1.776 2 1 3 0 -0.4000 0.4000 -1.60 1.60 -0.487 0.374 -0.0044 0.0718 0.0261 0.1063 -0.342029 -0.539629 10.96 
1.781 2 1 3 0 -0.4000 0.4000 -1.60 1.60 -0.443 0.392 -0.0042 0.0819 0.0263 0.1062 -0.339438 -0.539840 10.96 
1.786 2 1 3 0 -0.4000 0.4000 -1.60 1.60 -0.464 0.383 -0.0040 0.0777 0.0265 0.1061 -0.336846 -0.540151 10.96 
1.791 2 1 3 0 -0.4000 0.4000 -1.60 1.60 -0.458 0.386 -0.0038 0.1030 0.0267 0.1061 -0.334255 -0.540276 10.96 
1.796 2 1 3 0 -0.4000 0.4000 -1.60 1.60 -0.453 0.388 -0.0037 0.0892 0.0267 0.1061 -0.329073 -0.540179 10.96 
1.801 2 1 3 0 -0.4000 0.4000 -1.60 1.60 -0.489 0.374 -0.0037 0.0800 0.0269 0.1060 -0.326482 -0.540018 10.96 
1.806 2 1 3 0 -0.4000 0.4000 -1.60 1.60 -0.495 0.369 -0.0037 0.1055 0.0272 0.1059 -0.321300 -0.539734 10.96 
1.811 2 1 3 0 -0.4000 0.4000 -1.60 1.60 -0.502 0.390 -0.0037 0.0903 0.0274 0.1058 -0.318709 -0.539612 10.95 
1.816 2 1 3 0 -0.4000 0.4000 -1.60 1.60 -0.504 0.403 -0.0037 0.0856 0.0276 0.1058 -0.316117 -0.539853 10.96 
1.821 2 1 3 0 -0.4000 0.4000 -1.60 1.60 -0.515 0.450 -0.0037 0.0689 0.0278 0.1057 -0.313526 -0.540240 10.96 
1.826 2 1 3 0 -0.4000 0.4000 -1.60 1.60 -0.516 0.409 -0.0037 0.1033 0.0280 0.1056 -0.310935 -0.540420 10.97 
1.831 2 1 3 0 -0.4000 0.4000 -1.60 1.60 -0.506 0.391 -0.0037 0.0939 0.0282 0.1056 -0.308344 -0.540124 10.96 
1.836 2 1 3 0 -0.4000 0.4000 -1.60 1.60 -0.518 0.391 -0.0037 0.0854 0.0284 0.1055 -0.305753 -0.539830 10.96 
1.841 2 1 3 0 -0.4000 0.4000 -1.60 1.60 -0.528 0.381 -0.0037 0.0856 0.0286 0.1055 -0.303162 -0.539562 10.95 
1.846 2 1 3 0 -0.4000 0.4000 -1.60 1.60 -0.491 0.370 -0.0037 0.1011 0.0290 0.1053 -0.297979 -0.539382 10.96 
1.851 2 1 3 0 -0.4000 0.4000 -1.60 1.60 -0.520 0.382 -0.0037 0.1014 0.0291 0.1053 -0.295388 -0.539570 10.95 
1.856 2 1 3 0 -0.4000 0.4000 -1.60 1.60 -0.526 0.393 -0.0037 0.0987 0.0293 0.1052 -0.292797 -0.540040 10.96 
1.861 2 1 3 0 -0.4000 0.4000 -1.60 1.60 -0.527 0.395 -0.0037 0.1110 0.0295 0.1052 -0.290206 -0.540299 10.96 
1.866 2 1 3 0 -0.4000 0.4000 -1.60 1.60 -0.534 0.375 -0.0037 0.0894 0.0297 0.1051 -0.287615 -0.540303 10.96 
1.871 2 1 3 0 -0.4000 0.4000 -1.60 1.60 -0.496 0.382 -0.0037 0.1000 0.0301 0.1050 -0.282433 -0.540144 10.96 
1.876 2 1 3 0 -0.4000 0.4000 -1.60 1.60 -0.472 0.364 -0.0037 0.1247 0.0303 0.1049 -0.279842 -0.539838 10.97 
1.881 2 1 3 0 -0.4000 0.4000 -1.60 1.60 -0.496 0.363 -0.0037 0.1155 0.0307 0.1048 -0.274659 -0.539724 10.96 
1.886 2 1 3 0 -0.4000 0.4000 -1.60 1.60 -0.511 0.391 -0.0037 0.0946 0.0309 0.1048 -0.272068 -0.540037 10.96 
1.891 2 1 3 0 -0.4000 0.4000 -1.60 1.60 -0.518 0.403 -0.0037 0.1120 0.0311 0.1047 -0.269477 -0.540469 10.96 
1.896 2 1 3 0 -0.4000 0.4000 -1.60 1.60 -0.509 0.390 -0.0037 0.1131 0.0315 0.1046 -0.264295 -0.540495 10.95 
1.901 2 1 3 0 -0.4000 0.4000 -1.60 1.60 -0.495 0.381 -0.0037 0.0969 0.0317 0.1046 -0.261704 -0.540334 10.96 
1.906 2 1 3 0 -0.4000 0.4000 -1.60 1.60 -0.504 0.358 -0.0035 0.1251 0.0319 0.1045 -0.259112 -0.540253 10.95 
1.911 2 1 3 0 -0.4000 0.4000 -1.60 1.60 -0.515 0.360 -0.0034 0.1235 0.0322 0.1044 -0.253930 -0.540157 10.95 
1.916 2 1 3 0 -0.4000 0.4000 -1.60 1.60 -0.525 0.441 -0.0032 0.1031 0.0324 0.1044 -0.251339 -0.540414 10.95 
1.921 2 1 3 0 -0.4000 0.4000 -1.60 1.60 -0.533 0.403 -0.0031 0.1042 0.0328 0.1043 -0.246157 -0.540720 10.95 
1.926 2 1 3 0 -0.4000 0.4000 -1.60 1.60 -0.533 0.360 -0.0030 0.1215 0.0330 0.1042 -0.243566 -0.540806 10.94 
1.931 2 1 3 0 -0.4000 0.4000 -1.60 1.60 -0.525 0.337 -0.0029 0.1469 0.0334 0.1041 -0.238383 -0.540726 10.94 
1.936 2 1 3 0 -0.4000 0.4000 -1.60 1.60 -0.519 0.346 -0.0028 0.1301 0.0338 0.1040 -0.233201 -0.540666 10.94 
1.941 2 1 3 0 -0.4000 0.4000 -1.60 1.60 -0.522 0.373 -0.0027 0.1207 0.0340 0.1040 -0.230610 -0.540829 10.94 
1.946 2 1 3 0 -0.4000 0.4000 -1.60 1.60 -0.526 0.370 -0.0026 0.1138 0.0342 0.1039 -0.228019 -0.541217 10.95 
1.951 2 1 3 0 -0.4000 0.4000 -1.60 1.60 -0.523 0.358 -0.0025 0.1337 0.0346 0.1038 -0.222837 -0.541284 10.94 
1.956 2 1 3 0 -0.4000 0.4000 -1.60 1.60 -0.515 0.350 -0.0025 0.1541 0.0350 0.1037 -0.217654 -0.541178 10.93 
1.961 2 1 3 0 -0.4000 0.4000 -1.60 1.60 -0.513 0.358 -0.0024 0.1498 0.0354 0.1037 -0.212472 -0.541161 10.94 
1.966 2 1 3 0 -0.4000 0.4000 -1.60 1.60 -0.513 0.336 -0.0023 0.1265 0.0356 0.1036 -0.209881 -0.541426 10.94 
1.971 2 1 3 0 -0.4000 0.4000 -1.60 1.60 -0.525 0.358 -0.0022 0.1291 0.0360 0.1035 -0.204699 -0.541873 10.93 
1.976 2 1 3 0 -0.4000 0.4000 -1.60 1.60 -0.526 0.347 -0.0022 0.1271 0.0362 0.1035 -0.202108 -0.541903 10.94 
1.981 2 1 3 0 -0.4000 0.4000 -1.60 1.60 -0.528 0.336 -0.0021 0.1531 0.0365 0.1034 -0.196925 -0.541736 10.94 
1.986 2 1 3 0 -0.4000 0.4000 -1.60 1.60 -0.522 0.364 -0.0021 0.1653 0.0369 0.1033 -0.191743 -0.541418 10.93 
1.991 2 1 3 0 -0.4000 0.4000 -1.60 1.60 -0.534 0.380 -0.0020 0.1544 0.0373 0.1033 -0.186561 -0.541253 10.94 
1.996 2 1 3 0 -0.4000 0.4000 -1.60 1.60 -0.538 0.338 -0.0020 0.1333 0.0377 0.1032 -0.181378 -0.541337 10.94 
2.001 2 1 3 0 -0.4000 0.4000 -1.60 1.60 -0.534 0.324 -0.0019 0.1294 0.0379 0.1032 -0.178787 -0.541200 10.95 
2.006 2 1 3 0 -0.4000 0.4000 -1.60 1.60 -0.528 0.319 -0.0019 0.1579 0.0383 0.1031 -0.173605 -0.540830 10.94 
2.011 2 1 3 0 -0.4000 0.4000 -1.60 1.60 -0.522 0.348 -0.0018 0.1693 0.0389 0.1030 -0.165832 -0.540615 10.94 
2.016 2 1 3 0 -0.4000 0.4000 -1.60 1.60 -0.533 0.347 -0.0018 0.1318 0.0391 0.1029 -0.163241 -0.540716 10.94 
2.021 2 1 3 0 -0.4000 0.4000 -1.60 1.60 -0.535 0.340 -0.0018 0.1317 0.0395 0.1029 -0.158058 -0.540817 10.94 
2.026 2 1 3 0 -0.4000 0.4000 -1.60 1.60 -0.523 0.332 -0.0017 0.1565 0.0399 0.1028 -0.152876 -0.540656 10.94 
2.031 2 1 3 0 -0.4000 0.4000 -1.60 1.60 -0.510 0.321 -0.0017 0.1434 0.0403 0.1028 -0.147694 -0.540391 10.96 
2.036 2 1 3 0 -0.4000 0.4000 -1.60 1.60 -0.513 0.347 -0.0016 0.1560 0.0407 0.1027 -0.142511 -0.540632 10.95 
2.041 2 1 3 0 -0.4000 0.4000 -1.60 1.60 -0.520 0.322 -0.0016 0.1489 0.0411 0.1026 -0.137329 -0.540654 10.95 
2.046 2 1 3 0 -0.4000 0.4000 -1.60 1.60 -0.520 0.303 -0.0016 0.1637 0.0413 0.1026 -0.129556 -0.540596 10.95 
2.051 2 1 3 0 -0.4000 0.4000 -1.60 1.60 -0.514 0.359 -0.0016 0.1610 0.0417 0.1026 -0.124374 -0.540562 10.95 
2.056 2 1 3 0 -0.4000 0.4000 -1.60 1.60 -0.517 0.354 -0.0016 0.1588 0.0421 0.1025 -0.119191 -0.540858 10.96 
2.061 2 1 3 0 -0.4000 0.4000 -1.60 1.60 -0.527 0.319 -0.0016 0.1583 0.0425 0.1025 -0.114009 -0.541055 10.96 
2.066 2 1 3 0 -0.4000 0.4000 -1.60 1.60 -0.511 0.302 -0.0016 0.1562 0.0429 0.1024 -0.108827 -0.540988 10.96 
2.071 2 1 3 0 -0.4000 0.4000 -1.60 1.60 -0.486 0.349 -0.0016 0.1496 0.0433 0.1024 -0.103645 -0.540893 10.95 
2.076 2 1 3 0 -0.4000 0.4000 -1.60 1.60 -0.451 0.353 -0.0016 0.1445 0.0437 0.1023 -0.098462 -0.540996 10.96 
2.081 2 1 3 0 -0.4000 0.4000 -1.60 1.60 -0.443 0.334 -0.0016 0.2020 0.0443 0.1023 -0.090689 -0.540812 10.96 
2.086 2 1 3 0 -0.4000 0.4000 -1.60 1.60 -0.443 0.316 -0.0016 0.1938 0.0447 0.1023 -0.085507 -0.540545 10.96 
2.091 2 1 3 0 -0.4000 0.4000 -1.60 1.60 -0.446 0.359 -0.0016 0.1919 0.0451 0.1022 -0.080325 -0.540573 10.96 
2.096 2 1 3 0 -0.4000 0.4000 -1.60 1.60 -0.455 0.339 -0.0016 0.1826 0.0455 0.1022 -0.075142 -0.541006 10.96 
2.101 2 1 3 0 -0.4000 0.4000 -1.60 1.60 -0.443 0.323 -0.0016 0.1973 0.0461 0.1021 -0.067369 -0.541096 10.96 
2.106 2 1 3 0 -0.4000 0.4000 -1.60 1.60 -0.450 0.365 -0.0016 0.1530 0.0465 0.1021 -0.062187 -0.540775 10.96 
2.111 2 1 3 0 -0.4000 0.4000 -1.60 1.60 -0.443 0.367 -0.0016 0.1615 0.0469 0.1021 -0.057004 -0.540967 10.96 
2.116 2 1 3 0 -0.4000 0.4000 -1.60 1.60 -0.445 0.344 -0.0016 0.1659 0.0473 0.1021 -0.051822 -0.541227 10.96 
2.121 2 1 3 0 -0.4000 0.4000 -1.60 1.60 -0.450 0.326 -0.0016 0.2196 0.0479 0.1020 -0.044049 -0.541071 10.97 
2.126 2 1 3 0 -0.4000 0.4000 -1.60 1.60 -0.451 0.348 -0.0016 0.2134 0.0483 0.1020 -0.038867 -0.540697 10.96 
2.131 2 1 3 0 -0.4000 0.4000 -1.60 1.60 -0.453 0.338 -0.0016 0.1802 0.0489 0.1020 -0.031093 -0.540923 10.96 
2.136 2 1 3 0 -0.4000 0.4000 -1.60 1.60 -0.430 0.309 -0.0016 0.2121 0.0493 0.1020 -0.025911 -0.541197 10.96 
2.141 2 1 3 0 -0.4000 0.4000 -1.60 1.60 -0.448 0.329 -0.0016 0.2436 0.0499 0.1020 -0.018138 -0.540988 10.96 
2.146 2 1 3 0 -0.4000 0.4000 -1.60 1.60 -0.452 0.337 -0.0016 0.1800 0.0503 0.1020 -0.012955 -0.540898 10.96 
2.151 2 1 3 0 -0.4000 0.4000 -1.60 1.60 -0.433 0.316 -0.0016 0.1876 0.0509 0.1020 -0.005182 -0.541211 10.97 
2.156 2 1 4 0 0.4026 0.3974 1.61 1.59 -0.438 0.345 -0.0016 0.2359 0.0515 0.1020 0.002591 -0.541269 10.96 
2.161 2 1 4 0 0.4078 0.3922 1.63 1.57 0.282 0.323 -0.0016 0.1964 0.0519 0.1020 0.007774 -0.540875 10.97 
2.166 2 1 4 0 0.4104 0.3896 1.64 1.56 0.459 0.295 0.0033 0.2052 0.0525 0.1020 0.010365 -0.541068 10.96 
2.171 2 1 4 0 0.4155 0.3845 1.66 1.54 0.379 0.300 0.1018 0.2274 0.0533 0.1020 0.015547 -0.541432 10.94 
2.176 2 1 4 0 0.4181 0.3819 1.67 1.53 0.342 0.290 0.1412 0.2362 0.0543 0.1020 0.018138 -0.541261 10.96 
2.181 2 1 4 0 0.4207 0.3793 1.68 1.52 0.356 0.276 0.1195 0.1806 0.0553 0.1020 0.020729 -0.541907 10.96 
2.186 2 1 4 0 0.4233 0.3767 1.69 1.51 0.371 0.282 0.0897 0.2041 0.0559 0.1020 0.023320 -0.544069 10.96 
2.191 2 1 4 0 0.4285 0.3715 1.71 1.49 0.459 0.270 0.0801 0.2238 0.0567 0.1021 0.028503 -0.546417 10.96 
2.196 2 1 4 0 0.4363 0.3637 1.75 1.45 0.434 0.269 0.0682 0.1919 0.0573 0.1021 0.036276 -0.548114 10.96 
2.201 2 1 4 0 0.4389 0.3611 1.75 1.44 0.435 0.322 0.0633 0.1704 0.0579 0.1021 0.038867 -0.548942 10.96 
2.206 2 1 4 0 0.4440 0.3560 1.78 1.42 0.448 0.287 0.0490 0.2189 0.0587 0.1021 0.044049 -0.548565 10.96 
2.211 2 1 4 0 0.4492 0.3508 1.80 1.40 0.444 0.256 0.0490 0.2239 0.0591 0.1022 0.049232 -0.547638 10.96 
2.216 2 1 4 0 0.4544 0.3456 1.82 1.38 0.441 0.263 0.0578 0.2111 0.0599 0.1022 0.054414 -0.547010 10.96 
2.221 2 1 4 0 0.4596 0.3404 1.84 1.36 0.411 0.245 0.0752 0.2310 0.0607 0.1022 0.059596 -0.546961 10.96 
2.226 2 1 4 0 0.459596 -0.547659 10.96 
2.231 2 1 4 0 0.4648 0.3352 1.86 1.34 0.443 0.233 0.1045 0.2016 0.0623 0.1023 0.064778 -0.549175 10.96 
2.236 2 1 4 0 0.4700 0.3300 1.88 1.32 0.502 0.231 0.1122 0.2324 0.0631 0.1024 0.069961 -0.550897 10.96 
2.241 2 1 4 0 0.4726 0.3274 1.89 1.31 0.457 0.215 0.0991 0.2165 0.0641 0.1025 0.072552 -0.551976 10.96 
2.246 2 1 4 0 0.4777 0.3223 1.91 1.29 0.399 0.268 0.0862 0.2316 0.0650 0.1025 0.077734 -0.552004 10.96 
2.251 2 1 4 0 0.4803 0.3197 1.92 1.28 0.390 0.248 0.1076 0.2030 0.0656 0.1026 0.080325 -0.551149 10.97 
2.256 2 1 4 0 0.4803 0.3197 1.92 1.28 0.381 0.216 0.1316 0.1992 0.0664 0.1026 0.080325 -0.550214 10.96 
2.261 2 1 4 0 0.4855 0.3145 1.94 1.26 0.376 0.219 0.1247 0.1944 0.0672 0.1027 0.085507 -0.549693 10.97 
2.266 2 1 4 0 0.4855 0.3145 1.94 1.26 0.462 0.227 0.1237 0.1769 0.0680 0.1028 0.085507 -0.549835 10.96 
2.271 2 1 4 0 0.4907 0.3093 1.96 1.24 0.436 0.201 0.1314 0.2343 0.0688 0.1028 0.090690 -0.550352 10.96 
2.276 2 1 4 0 0.4933 0.3067 1.97 1.23 0.410 0.187 0.1521 0.2210 0.0698 0.1029 0.093281 -0.550479 10.96 
2.281 2 1 4 0 0.4959 0.3041 1.98 1.22 0.406 0.182 0.1665 0.2278 0.0708 0.1030 0.095872 -0.550471 10.96 
2.286 2 1 4 0 0.4985 0.3015 1.99 1.21 0.476 0.181 0.1730 0.2067 0.0718 0.1031 0.098463 -0.550899 10.95 
2.291 2 1 4 0 0.4985 0.3015 1.99 1.21 0.430 0.251 0.1469 0.1779 0.0726 0.1032 0.098463 -0.551774 10.96 
2.296 2 1 4 0 0.5011 0.2989 2.00 1.20 0.428 0.233 0.1481 0.2025 0.0735 0.1033 0.101054 -0.552129 10.96 
2.301 2 1 4 0 0.5011 0.2989 2.00 1.20 0.414 0.183 0.1803 0.2159 0.0743 0.1034 0.101054 -0.551901 10.96 
2.306 2 1 4 0 0.5011 0.2989 2.00 1.20 0.441 0.180 0.2035 0.2160 0.0755 0.1035 0.101054 -0.551356 10.96 
2.311 2 1 4 0 0.5036 0.2964 2.01 1.19 0.413 0.208 0.1723 0.2160 0.0765 0.1036 0.103645 -0.551171 10.95 
2.316 2 1 4 0 0.5036 0.2964 2.01 1.19 0.407 0.174 0.1591 0.2291 0.0773 0.1037 0.103645 -0.551545 10.96 
2.321 2 1 4 0 0.5036 0.2964 2.01 1.19 0.412 0.165 0.2288 0.2244 0.0785 0.1038 0.103645 -0.551880 10.96 
2.326 2 1 4 0 0.5062 0.2938 2.02 1.18 0.433 0.190 0.2197 0.2373 0.0795 0.1039 0.106236 -0.552202 10.95 
2.331 2 1 4 0 0.5062 0.2938 2.02 1.18 0.394 0.177 0.1863 0.2033 0.0807 0.1041 0.106236 -0.553019 10.96 
2.336 2 1 4 0 0.5088 0.2912 2.04 1.16 0.404 0.197 0.1894 0.2572 0.0817 0.1042 0.108827 -0.554064 10.95 
2.341 2 1 4 0 0.5062 0.2938 2.02 1.18 0.407 0.199 0.2139 0.2292 0.0827 0.1043 0.106236 -0.554447 10.95 
2.346 2 1 4 0 0.5088 0.2912 2.04 1.16 0.395 0.178 0.2138 0.1982 0.0837 0.1044 0.108827 -0.554493 10.95 
2.351 2 1 4 0 0.5088 0.2912 2.04 1.16 0.389 0.157 0.2181 0.2476 0.0849 0.1045 0.108827 -0.554150 10.95 
2.356 2 1 4 0 0.5062 0.2938 2.02 1.18 0.402 0.174 0.2362 0.2164 0.0859 0.1046 0.106236 -0.553522 10.95 
2.361 2 1 4 0 0.5062 0.2938 2.02 1.18 0.337 0.177 0.2178 0.1875 0.0871 0.1047 0.106236 -0.553289 10.96 
2.366 2 1 4 0 0.5062 0.2938 2.02 1.18 0.331 0.178 0.2425 0.2623 0.0883 0.1049 0.106236 -0.553525 10.95 
2.371 2 1 4 0 0.5062 0.2938 2.02 1.18 0.369 0.183 0.2206 0.2150 0.0895 0.1050 0.106236 -0.553993 10.95 
2.376 2 1 4 0 0.5062 0.2938 2.02 1.18 0.359 0.178 0.2497 0.2340 0.0907 0.1051 0.106236 -0.554625 10.95 
2.381 2 1 4 0 0.5062 0.2938 2.02 1.18 0.412 0.187 0.2798 0.2481 0.0919 0.1053 0.106236 -0.555139 10.95 
2.386 2 1 4 0 0.5062 0.2938 2.02 1.18 0.350 0.178 0.2763 0.2631 0.0931 0.1054 0.106236 -0.555398 10.95 
2.391 2 1 4 0 0.5036 0.2964 2.01 1.19 0.349 0.158 0.2788 0.2360 0.0945 0.1055 0.103645 -0.555780 10.95 
2.396 2 1 4 0 0.5036 0.2964 2.01 1.19 0.358 0.171 0.2569 0.2489 0.0957 0.1057 0.103645 -0.556594 10.95 
2.401 2 1 4 0 0.5036 0.2964 2.01 1.19 0.345 0.146 0.2588 0.2244 0.0969 0.1058 0.103645 -0.557377 10.97 
2.406 2 1 4 0 0.5011 0.2989 2.00 1.20 0.412 0.194 0.2578 0.2092 0.0979 0.1059 0.101054 -0.557638 10.95 
2.411 2 1 4 0 0.4985 0.3015 1.99 1.21 0.347 0.218 0.2586 0.2340 0.0993 0.1060 0.098463 -0.557416 10.95 
2.416 2 1 4 0 0.4985 0.3015 1.99 1.21 0.361 0.153 0.2845 0.2285 0.1005 0.1061 0.098463 -0.556703 10.95 
2.421 2 1 4 0 0.4985 0.3015 1.99 1.21 0.360 0.187 0.2582 0.2630 0.1017 0.1063 0.098463 -0.555821 10.98 
2.426 2 1 4 0 0.4959 0.3041 1.98 1.22 0.337 0.182 0.2657 0.2203 0.1031 0.1064 0.095872 -0.555255 10.96 
2.431 2 1 4 0 0.4959 0.3041 1.98 1.22 0.377 0.185 0.2852 0.2523 0.1043 0.1065 0.095872 -0.554950 10.95 
2.436 2 1 4 0 0.4933 0.3067 1.97 1.23 0.294 0.209 0.2907 0.2052 0.1057 0.1066 0.093281 -0.555083 10.95 
2.441 2 1 4 0 0.4933 0.3067 1.97 1.23 0.310 0.161 0.3040 0.2606 0.1069 0.1068 0.093281 -0.555429 10.95 
2.446 2 1 4 0 0.4907 0.3093 1.96 1.24 0.291 0.161 0.3032 0.2429 0.1083 0.1069 0.090690 -0.555802 10.96 
2.451 2 1 4 0 0.4907 0.3093 1.96 1.24 0.356 0.160 0.3091 0.2596 0.1099 0.1070 0.090690 -0.556360 10.96 
2.456 2 1 4 0 0.4907 0.3093 1.96 1.24 0.323 0.166 0.2826 0.2876 0.1111 0.1071 0.090690 -0.557062 10.96 
2.461 2 1 4 0 0.4881 0.3119 1.95 1.25 0.324 0.177 0.3108 0.2695 0.1125 0.1073 0.088098 -0.557644 10.95 
2.466 2 1 4 0 0.4855 0.3145 1.94 1.26 0.303 0.162 0.3280 0.2611 0.1139 0.1074 0.085507 -0.557616 10.96 
2.471 2 1 4 0 0.4855 0.3145 1.94 1.26 0.314 0.188 0.3312 0.2863 0.1155 0.1075 0.085507 -0.557409 10.95 
2.476 2 1 4 0 0.4829 0.3171 1.93 1.27 0.306 0.185 0.3049 0.2530 0.1169 0.1076 0.082916 -0.557242 10.97 
2.481 2 1 4 0 0.4803 0.3197 1.92 1.28 0.304 0.158 0.3089 0.2896 0.1183 0.1078 0.080325 -0.557311 10.96 
2.486 2 1 4 0 0.4829 0.3171 1.93 1.27 0.327 0.173 0.2986 0.2968 0.1197 0.1079 0.082916 -0.557217 10.97 
2.491 2 1 4 0 0.4803 0.3197 1.92 1.28 0.299 0.146 0.3235 0.2532 0.1211 0.1080 0.080325 -0.556745 10.97 
2.496 2 1 4 0 0.4777 0.3223 1.91 1.29 0.283 0.207 0.3508 0.2546 0.1229 0.1081 0.077734 -0.556604 10.96 
2.501 2 1 4 0 0.4751 0.3249 1.90 1.30 0.236 0.177 0.3335 0.2881 0.1243 0.1082 0.075143 -0.556941 10.96 
2.506 2 1 4 0 0.4777 0.3223 1.91 1.29 0.284 0.171 0.2912 0.3154 0.1257 0.1083 0.077734 -0.557871 10.97 
2.511 2 1 4 0 0.4751 0.3249 1.90 1.30 0.284 0.157 0.2946 0.2930 0.1271 0.1085 0.075143 -0.558465 10.96 
2.516 2 1 4 0 0.4751 0.3249 1.90 1.30 0.295 0.165 0.3162 0.2794 0.1287 0.1086 0.075143 -0.558058 10.96 
2.521 2 1 4 0 0.4700 0.3300 1.88 1.32 0.274 0.166 0.3573 0.2695 0.1303 0.1087 0.069961 -0.557522 10.97 
2.526 2 1 4 0 0.4700 0.3300 1.88 1.32 0.276 0.161 0.3340 0.2852 0.1319 0.1088 0.069961 -0.557638 10.97 
2.531 2 1 4 0 0.4674 0.3326 1.87 1.33 0.283 0.179 0.3314 0.2945 0.1333 0.1089 0.067369 -0.558454 10.94 
2.536 2 1 4 0 0.4674 0.3326 1.87 1.33 0.300 0.170 0.3290 0.2927 0.1349 0.1090 0.067369 -0.558841 10.96 
2.541 2 1 4 0 0.4674 0.3326 1.87 1.33 0.275 0.182 0.3441 0.3008 0.1365 0.1091 0.067369 -0.558264 10.97 
2.546 2 1 4 0 0.4674 0.3326 1.87 1.33 0.284 0.146 0.3312 0.3030 0.1381 0.1092 0.067369 -0.557388 10.97 
2.551 2 1 4 0 0.4674 0.3326 1.87 1.33 0.287 0.166 0.3319 0.2798 0.1397 0.1093 0.067369 -0.556917 10.96 
2.556 2 1 4 0 0.4648 0.3352 1.86 1.34 0.291 0.163 0.3290 0.3124 0.1411 0.1094 0.064778 -0.557298 10.96 
2.561 2 1 4 0 0.4648 0.3352 1.86 1.34 0.241 0.189 0.3498 0.3420 0.1427 0.1095 0.064778 -0.557651 10.96 
2.566 2 1 4 0 0.4648 0.3352 1.86 1.34 0.259 0.166 0.3514 0.3482 0.1443 0.1096 0.064778 -0.557539 10.96 
2.571 2 1 4 0 0.4648 0.3352 1.86 1.34 0.280 0.169 0.3528 0.3669 0.1459 0.1097 0.064778 -0.557379 10.97 
2.576 2 1 4 0 0.4674 0.3326 1.87 1.33 0.280 0.130 0.3371 0.3022 0.1478 0.1099 0.067369 -0.557307 10.97 
